239 231
[ 0.0, 0.0, 0.0 ]
[ 239.0, 0.0, 0.0 ]
[ 239.0, 231.0, 0.0 ]
[ 0.0, 231.0, 0.0 ]
[ 52.0, 34.0, 0.0 ]
[ 181.0, 34.0, 0.0 ]
[ 114.0, 46.0, 0.0 ]
[ 54.0, 71.0, 0.0 ]
[ 180.0, 74.0, 0.0 ]
[ 121.0, 96.0, 0.0 ]
[ 57.0, 107.0, 0.0 ]
[ 184.0, 111.0, 0.0 ]
[ 120.0, 136.0, 0.0 ]
[ 62.0, 145.0, 0.0 ]
[ 184.0, 149.0, 0.0 ]
[ 119.0, 166.0, 0.0 ]
[ 53.0, 186.0, 0.0 ]
[ 189.0, 186.0, 0.0 ]
[ 124.0, 202.0, 0.0 ]
[ 39.0, 216.0, 0.0 ]
[ 193.0, 215.0, 0.0 ]
[ 216.0, 73.0, 0.0 ]
[ 162.0, 133.0, 0.0 ]
[ 17.0, 108.0, 0.0 ]
[ 19.0, 163.0, 0.0 ]
[ 198.0, 152.0, 0.0 ]
[ 195.0, 98.0, 0.0 ]
[ 197.0, 54.0, 0.0 ]
[ 187.0, 84.0, 0.0 ]
[ 196.0, 113.0, 0.0 ]
[ 78.0, 101.0, 0.0 ]
[ 160.0, 204.0, 0.0 ]
[ 127.0, 218.0, 0.0 ]
[ 1.0, 172.0, 0.0 ]
